0 333
1 161
2 96
3 62
4 30
5 44
6 36
7 31
8 15
9 17
10 14
11 20
12 15
13 16
14 23
15 24
16 8
17 5
18 7
19 7
20 4
21 5
22 3
23 3
24 1
25 1
26 1
27 7
28 0
29 3
30 1
31 1
32 0
33 1
34 0
35 0
36 0
37 0
38 1
39 0
40 0
41 0
42 0
43 0
44 1
45 0
46 0
47 1
48 0
49 0
50 1
51 0
52 0
53 1
54 0
55 0
56 0
57 0
58 1
59 0
60 0
61 0
62 0
63 0
64 0
65 0
66 1
67 0
68 1
69 1
70 1
71 0
72 1
73 0
74 1
75 0
76 0
77 0
78 0
79 0
80 0
81 2
82 0
83 2
84 0
85 0
86 1
87 1
88 0
89 0
90 2
91 0
92 1
93 0
94 0
95 1
96 0
97 1
98 0
99 0
100 0
101 0
102 2
103 0
104 1
105 0
106 0
107 0
108 0
109 0
110 0
111 1
112 0
113 0
114 0
115 0
116 0
117 0
118 0
119 0
120 0
121 0
122 0
123 0
124 1
125 1
126 0
127 2
128 0
129 1
130 0
131 1
